1923		
1923		
1923		
1923		
1923		
1923		
1923		
1923		
1924		
1924		
1924		
1924		
1924		
1924		
1924		
1924		
1925		
1925		
1925		
1925		
1926		
1926		
1926		
1926		
1926		
1926		
1926		
1927		
1927		
1927		
1928		
1928		
1928		
1928		
1928		
1929		
1929		
1929		
1929		
1929		
1930		
1930		
1930		
1930		
1930		
1931		
1931		
1931		
1931		
1931		
1931		
1932		
1932		
1932		
1932		
1932		
1932		
1932		
1932		
1933		
1933		
1933		
1933		
1934		
1934		
1934		
1934		
1934		
1935		
1935		
1935		
1935		
1935		
1936		
1936		
1936		
1936		
1936		
1937		
1937		
1937		
1937		
1937		
1938		
1938		
1938		
1938		
1938		
1938		
1939		
1939		
1939		
1939		
1940		
1940		
1940		
1940		
1940		
1941		
1941		
1941		
1941		